Double[] Array1= new Double[]{-8.931263330701281E8,
            1.2031155963218991E8,
            1.3987253963213262E8,
            1.744067444681094E8,
            -1.0171610507118759E9,
            -7.56478218531503E8,
            1.0604731177808224E9,
            6.001933219267378E8,
            2.5543520637687075E8,
            -1.2974623034239095E8,
            7.823506282620075E7,
            1.0732652931675597E8,
            1.0969432536713246E8,
            -2.552596028701496E7,
            9.273008662998807E8 };


Double[] Array2 = new Double [] { -1.6378558311119924E9,
                                  7.083471895918335E8,
                                  -8.493309565582962E8,
                                  1.4801514832614214E9,
                                  -1.544596904947797E8,
                                  -7.976588073783654E8,
                                  4.6598970620570636E8,
                                  2.5038976812197227E7,
                                  -1.2344719217213069E8,
                                  -2.1237390299088237E8,
                                  -4.354325241758969E8,
                                  -1825063.5633698816,
                                  7.546378281176025E7,
                                  5.6708558507536694E7,
                                  -2.002631164307818E9,
                                  4.291476377074789E8,
                                  -1.0145222935673356E9,
                                  1.341564854105351E9,
                                  1.2898095533841653E9,
                                  -1.9672232512238362E8,
                                  1.5808083653406682E9,
                                  -1.6518370155735843E9,
                                  -9.674135066160308E7,
                                  4.4865468881068283E8,
                                  -1.4297302013858387E9,
                                  -1.3973938992963388E9,
                                  -1.4464683605534642E9,
                                  4.834415242176134E8,
                                  3.18460229114503E8,
                                  -1.9271208384283575E8,
                                  1.7594852710079977E8,
                                  -1.1919933978325984E9,
                                  -9.605463167899967E8,
                                  -6.406082694447838E8,
                                  -1.335426562795796E8,
                                  -5.2749112402118486E8,
                                  1.094838450109077E9,
                                  5.1710430831803095E8,
                                  3.08957190723902E8,
                                  1.4392279054192343E8,
                                  -3.4122746372822666E8,
                                  2.574432592219188E8,
                                  -8.733124912455964E7,
                                  8.208544356242723E8,
                                  -9.042219479342189E8,
                                  -3.6061591398664355E8,
                                  7.452156586828415E8,
                                  1.873255411424819E8,
                                  9.339941300652598E8,
                                  3.0451083528953904E8,
                                  -6.920853210210216E8,
                                  -6.641693645835503E8,
                                  -4.5512102455749404E8,
                                  4.150016577039303E8,
                                  4.664387250536443E8,
                                  3.652118976159283E8,
                                  1.8797012442025807E8,
                                  -5.2168716791541904E8,
                                  6.959604361828475E8,
                                  1.6217350228268287E8};

Double [] Array3 = new Double [] {-2.855437464115545E8,
                                  6.937431906373075E8,
                                  -5.731989017349813E8,
                                  6.444320252553309E8,
                                  -2.6840888671003622E8,
                                  -2.7520672338686305E8,
                                  -3.6412182342412E8,
                                  -5.548597471359018E8,
                                  -5.479112210733294E7,
                                  -2.0160310698999945E7,
                                  2.3926657190782222E8,
                                  -4.6446683306355566E8,
                                  -1.4913553423641396E9,
                                  -1.2002386570975882E8,
                                  385339.8905930602,
                                  -7.735843651726921E7,
                                  3.0438056851022273E7,
                                  2.992355241296032E8,
                                  -5.1995964590070516E8,
                                  6.698000067900534E8,
                                  3.3751067944133407E8,
                                  2.524760149343305E8,
                                  -2.8202364721168333E8,
                                  -5.650419166324325E8,
                                  8.197943843700477E8,
                                  2.2054993401897514E8,
                                  8.074797775220828E8,
                                  -2.143640484667566E8,
                                  -1.5504666057663362E9,
                                  -1.2975700725471394E9,
                                  3.827861703507964E7,
                                  -4.950689897816251E8,
                                  3.8317505831343466E8,
                                  -1.4327329216088846E8,
                                  -1.4132540419730117E9,
                                  3.978175070942145E7,
                                  -2.789691203336523E8,
                                  -1.3865512988258067E8,
                                  9.391354193781638E7,
                                  7.108489256285897E8,
                                  -1.2215320866026888E9,
                                  1.5198939974858114E8,
                                  2.6605557921405238E8,
                                  -2.4847542392128006E8,
                                  -8.302828437061522E8,
                                  2.2688232155114937E8,
                                  -1.2321313121524277E8,
                                  -1.2787402359369638E9,
                                  2.0258377463744378E8,
                                  5.348424137107687E8,
                                  7.204597727666051E8,
                                  -5.0080962038402444E8,
                                  2.9925197287560356E8,
                                  -1.7508303775287745E9,
                                  7.591410392340513E7,
                                  8.331824606526995E8,
                                  -3960445.8312078556,
                                  4.603024159947753E8,
                                  4.6565272148743904E8,
                                  6.133359804741493E7,
                                  -8.437588025061802E8,
                                  7.249096251807505E8,
                                  4.7055398232838213E8,
                                  -7575990.020252738,
                                  -1.7136555694791844E9,
                                  3.968359028495787E7,
                                  3.5945959498050386E8,
                                  3.4280215275785744E7,
                                  -1.3781038034408592E7,
                                  -2.3857899580602664E8,
                                  -8.393731092265962E8,
                                  -9.747309544114864E8,
                                  1.70482690658394E9,
                                  -5855821.958861652,
                                  1.7460367471551142E9,
                                  -2.7587532971861184E8,
                                  -1.4725338302251926E8,
                                  -9.026383210903312E8,
                                  8.031208563599312E8,
                                  -2.5180558920248523E8,
                                  -2.928470407820911E8,
                                  -4.8329341555823195E8,
                                  1.8828788050884697E8,
                                  9.761613557517647E8,
                                  1.2666619187218736E8,
                                  -1.6642030462459534E8,
                                  4.3938801199138397E8,
                                  -4.8848251366740453E8,
                                  1.105144567611572E8,
                                  -5.196087067772566E8,
                                  1.3335760371601939E8,
                                  -6.874155781047227E8,
                                  -1.3718229766556995E9,
                                  -3.9805737490534836E8,
                                  8.121431834855922E7,
                                  6.6804572615450464E7,
                                  6.181915333327752E8,
                                  2.549845419294861E8,
                                  -9.73165974105863E7,
                                  -7.72549808068068E8,
                                  -2.0228592960733187E8,
                                  4.61169726370436E8,
                                  7.235254743317169E8,
                                  2.6299861435715163E8,
                                  -5.677563054948455E8,
                                  6.939251574162288E8,
                                  -5.737482619379028E8,
                                  -2.845106272586136E8,
                                  -1.632456688011671E9,
                                  1.5965594642238631E9,
                                  -1.2197022561286147E9,
                                  5.387385342053787E8,
                                  2.0549395183334917E8,
                                  9.681940180026495E8,
                                  7.482597287719368E8,
                                  1.7106930865912925E7,
                                  3.0335395986077774E8,
                                  -1.0443856969825415E7,
                                  -1.4356065940948305E9,
                                  -2112326.8805245343,
                                  -5.9755228498595215E7,
                                  -3.577238491615835E7,
                                  7.017016550116827E8,
                                  3.277818791182834E8,
                                  -9.010516361720629E7,
                                  -2.9329139480801356E8,
                                  -7.387411883499673E7,
                                  6.231085596455424E8,
                                  4.026192830526602E8,
                                  -2.8577204819938636E8,
                                  -9.69751646993118E8,
                                  6.631631219738373E7,
                                  -8.194453529165399E8,
                                  -1.22744157873492E9,
                                  -4.617731509045099E8,
                                  -3.7494274641644394E8,
                                  -1.4525033130292688E7,
                                  -7.49935837978269E8,
                                  4.296920868000285E7,
                                  2.859819380903401E8,
                                  1.0687257962508512E9,
                                  -1.0889903968761904E9,
                                  -6.470961499209981E8,
                                  -1.766409590250046E8,
                                  1.1945265694333658E8,
                                  -1.1572026556685357E9,
                                  1.6617984466417658E8,
                                  2.3900391916564277E8,
                                  4.471467621911962E8,
                                  5.841580961705714E7};